BEGIN
 year | tdiv | odiv | won  | lost | count 
------+------+------+------+------+-------
 2014 |    1 |    1 | 5128 | 5128 | 10256
 2014 |    1 |    2 |   14 |    8 |    22
 2014 |    1 |    3 |    2 |    0 |     2
 2014 |    2 |    2 | 4258 | 4263 |  8521
 2014 |    2 |    3 |   24 |   30 |    54
 2014 |    3 |    3 | 6056 | 6064 | 12120
 2015 |    1 |    1 | 5136 | 5136 | 10272
 2015 |    1 |    2 |    9 |    7 |    16
 2015 |    2 |    2 | 4133 | 4133 |  8266
 2015 |    2 |    3 |   40 |    9 |    49
 2015 |    3 |    3 | 6189 | 6179 | 12368
 2016 |    1 |    1 | 3567 | 3567 |  7134
 2016 |    1 |    2 |    2 |    6 |     8
 2016 |    2 |    2 | 3063 | 3063 |  6126
 2016 |    2 |    3 |   30 |   11 |    41
 2016 |    3 |    3 | 4838 | 4838 |  9676
(16 rows)

COMMIT
