BEGIN
CREATE TABLE
INSERT 0 4215
 year |  str  |  ofs  |  dfs  |  sos  |  n   
------+-------+-------+-------+-------+------
 2014 | 0.498 | 0.706 | 0.706 | 0.513 | 1050
 2015 | 0.497 | 0.705 | 0.705 | 0.511 | 1057
 2016 | 0.497 | 0.705 | 0.705 | 0.512 | 1063
 2017 | 0.498 | 0.706 | 0.706 | 0.505 | 1045
(4 rows)

 year | div |  str  |  ofs  |  dfs  |  sos  |  n  
------+-----+-------+-------+-------+-------+-----
 2014 | D1  | 0.997 | 0.999 | 0.999 | 1.006 | 334
 2014 | D2  | 0.532 | 0.730 | 0.730 | 0.548 | 294
 2014 | D3  | 0.274 | 0.524 | 0.524 | 0.288 | 422
 2015 | D1  | 0.999 | 1.000 | 1.000 | 1.009 | 334
 2015 | D2  | 0.548 | 0.740 | 0.740 | 0.561 | 297
 2015 | D3  | 0.269 | 0.518 | 0.518 | 0.281 | 426
 2016 | D1  | 1.000 | 1.000 | 1.000 | 1.010 | 334
 2016 | D2  | 0.534 | 0.731 | 0.730 | 0.547 | 303
 2016 | D3  | 0.273 | 0.523 | 0.523 | 0.288 | 426
 2017 | D1  | 1.003 | 1.002 | 1.002 | 1.005 | 334
 2017 | D2  | 0.523 | 0.723 | 0.723 | 0.528 | 290
 2017 | D3  | 0.276 | 0.526 | 0.526 | 0.284 | 421
(12 rows)

 team_id | div | year | str | ofs | dfs | sos 
---------+-----+------+-----+-----+-----+-----
(0 rows)

COMMIT
